995
339 819
661 498
727 420
668 465
99 59
380 331
658 475
814 276
587 285
57 757
411 150
85 49
189 99
478 419
663 230
507 444
938 429
64 146
614 521
777 444
66 259
37 230
320 793
356 157
87 345
104 73
501 685
143 270
565 446
326 547
271 419
13 31
789 738
933 491
584 529
86 281
813 729
697 320
425 351
111 583
57 282
58 71
497 566
342 34
401 914
438 128
215 4
692 826
423 138
483 250
794 24
77 317
252 69
405 393
106 19
118 242
370 353
455 259
121 43
961 36
335 69
240 394
664 402
227 357
848 590
202 97
358 257
771 22
144 256
277 200
207 28
24 681
418 485
81 150
120 72
631 471
132 71
174 716
390 742
49 224
534 381
638 119
711 738
555 105
83 942
6 329
491 574
375 825
573 936
441 294
234 72
9 79
62 92
158 96
594 374
167 12
401 283
384 337
707 77
109 875
35 407
10 7
52 263
128 92
40 420
20 12
620 126
537 57
182 128
696 619
156 952
721 835
714 787
240 90
413 588
31 487
229 80
607 509
921 3
542 660
397 27
822 39
46 2
769 358
161 29
159 27
591 352
12 9
279 609
901 745
149 46
243 768
490 823
132 765
84 160
269 630
377 361
905 459
178 102
60 26
116 7
100 346
152 173
953 221
504 200
822 877
172 393
579 586
484 560
271 269
808 944
244 804
17 32
492 429
510 550
89 95
533 365
82 48
64 361
255 595
734 892
770 180
541 520
731 138
267 186
77 636
58 23
298 619
311 867
30 268
12 186
484 121
244 227
861 613
201 884
284 334
118 309
258 730
125 75
204 126
211 802
390 453
891 972
101 337
428 46
289 353
273 544
858 479
549 389
66 640
9 166
312 676
367 204
109 143
93 260
779 572
493 205
117 12
389 377
189 979
800 655
570 687
610 637
197 26
818 346
35 232
630 918
387 226
304 468
286 865
360 270
715 314
36 10
755 159
834 868
513 363
3 50
465 451
644 302
930 100
290 723
154 56
779 943
418 80
143 164
267 540
53 83
13 274
708 939
643 2
906 28
231 52
534 556
595 691
40 123
605 481
343 279
647 962
677 815
602 820
46 289
893 784
792 353
878 195
519 189
75 118
15 162
17 456
21 6
55 2
845 830
30 14
210 546
955 685
648 371
882 813
23 165
213 937
477 898
131 87
422 737
15 25
434 626
842 913
538 830
246 264
208 689
596 165
844 79
237 710
209 11
203 136
116 440
51 70
66 677
649 356
287 222
632 396
110 39
275 570
46 57
430 317
839 456
557 371
95 108
363 82
110 981
172 72
100 510
52 134
883 31
606 617
21 957
564 131
406 718
790 80
237 148
773 43
171 13
572 698
322 74
32 970
512 812
88 654
56 69
433 602
189 280
726 274
324 554
32 967
279 187
50 276
178 333
65 60
54 318
48 61
678 525
791 410
869 841
489 191
28 7
761 442
74 6
266 290
27 105
629 21
220 157
418 780
788 192
62 531
404 451
177 362
119 542
283 776
47 30
3 77
127 22
344 622
192 283
219 61
42 35
1 76
433 506
931 64
855 107
989 598
399 444
667 945
45 536
754 448
321 348
317 365
613 608
35 81
387 806
978 530
37 601
34 304
218 248
108 511
462 142
298 52
573 645
107 153
416 699
894 668
410 50
387 849
606 451
103 147
526 886
437 263
24 35
788 990
442 252
314 535
866 547
116 142
558 39
269 124
646 424
246 295
246 99
73 11
179 101
523 6
332 268
155 176
47 78
296 92
369 807
52 16
928 769
460 409
390 227
155 66
755 817
411 517
369 312
53 809
235 243
986 918
72 148
188 87
446 470
684 810
250 75
465 949
222 213
124 29
425 575
289 651
114 17
378 808
241 684
36 38
336 908
722 420
431 425
157 30
759 570
5 7
151 40
871 612
293 494
934 161
46 101
627 206
888 531
820 917
515 152
509 123
87 68
661 891
446 119
3 471
452 179
419 973
340 744
214 302
889 740
20 233
66 86
171 476
133 110
372 107
655 92
778 630
40 16
8 6
798 389
703 468
181 59
316 339
23 56
475 106
512 27
227 834
992 187
338 29
350 198
243 458
462 669
5 315
180 251
375 251
429 327
461 145
956 180
466 490
925 865
212 254
342 435
286 34
481 920
396 121
881 527
156 424
315 323
33 19
28 80
644 964
657 106
206 743
155 191
228 202
2 170
84 16
59 2
600 305
210 474
70 91
331 68
352 119
252 721
203 310
488 935
359 22
752 16
212 23
15 499
530 282
824 117
5 23
253 60
29 21
243 266
119 498
592 923
974 331
880 518
129 156
987 225
228 615
467 86
49 18
447 520
803 11
907 161
764 702
835 975
982 494
1 113
479 349
450 1
25 100
17 6
959 641
27 140
164 774
399 339
6 2
854 641
644 695
216 126
382 294
336 21
604 212
729 616
3 5
491 348
950 6
218 291
951 662
386 392
29 44
63 169
42 221
7 319
579 82
694 307
141 656
71 97
585 170
122 449
35 190
288 220
576 32
712 103
128 130
391 426
379 249
192 124
15 241
642 293
42 43
127 137
395 238
55 567
241 720
662 760
179 272
4 404
417 293
81 705
226 525
749 686
530 843
39 25
51 275
410 568
255 76
54 3
495 293
708 207
188 226
174 78
488 229
340 204
236 373
932 114
874 318
115 67
175 625
750 506
469 217
164 320
180 422
236 220
500 43
451 745
34 316
62 72
187 321
924 710
552 862
926 186
634 601
616 321
243 741
24 139
639 491
261 10
328 162
61 433
391 693
51 398
947 34
16 2
585 733
358 904
527 82
105 111
100 265
534 593
922 425
507 829
113 463
374 728
182 553
565 675
968 703
876 271
235 80
480 193
294 260
208 14
167 193
26 34
414 143
454 383
119 24
13 22
208 903
430 756
430 902
126 477
53 40
314 502
929 501
8 860
223 349
308 83
326 581
133 561
22 273
835 895
470 612
670 658
185 95
672 338
347 197
879 284
60 734
245 139
79 408
447 679
30 103
178 355
105 821
42 305
386 189
605 977
706 381
157 647
777 831
528 288
413 176
278 92
183 521
377 447
388 66
486 102
518 28
13 12
571 361
2 666
391 797
180 941
306 262
590 441
195 157
51 194
795 267
128 427
170 899
381 359
50 67
141 598
355 618
833 246
168 8
324 154
322 995
225 169
178 285
72 96
772 428
9 62
203 206
27 12
10 41
34 828
983 709
433 735
227 224
122 48
284 250
431 682
11 10
514 81
199 608
376 69
325 73
311 265
775 256
22 314
739 9
916 567
767 285
811 153
385 326
217 97
262 58
455 662
552 287
1 4
391 184
906 958
714 163
667 254
457 805
6 9
364 90
18 686
209 247
667 690
211 74
165 421
109 89
704 302
2 927
93 11
307 736
766 131
954 26
617 680
321 692
445 161
94 32
50 597
562 370
224 856
505 317
33 434
900 112
198 991
846 232
307 688
326 197
297 753
5 980
406 403
360 412
8 26
701 783
31 112
717 560
126 885
212 374
409 241
241 313
66 20
249 107
836 586
430 719
641 36
209 210
911 307
850 129
659 375
842 144
545 219
51 503
27 201
912 613
187 33
340 623
475 890
359 713
15 448
652 410
156 572
383 45
702 617
46 199
257 210
457 365
897 380
410 580
525 872
915 724
799 620
19 11
482 381
454 965
341 63
60 299
344 9
709 501
180 145
403 443
82 919
543 225
52 910
377 624
347 763
1 63
352 466
299 516
621 41
724 423
467 501
366 168
35 218
946 507
18 6
852 547
759 853
42 138
293 214
135 988
617 864
45 38
303 133
235 650
851 619
599 473
369 472
48 47
563 293
135 129
354 286
130 538
416 370
573 402
402 497
578 66
266 611
33 107
152 327
153 786
984 356
252 747
387 896
985 339
5 88
164 464
126 48
481 58
863 969
307 436
751 233
411 725
223 44
439 23
863 774
29 163
2 3
45 307
633 381
200 1
330 235
415 72
403 299
17 24
446 674
732 262
438 909
519 887
225 665
77 402
125 292
976 572
781 697
840 693
65 297
870 16
224 371
610 466
36 89
281 529
859 813
34 198
994 715
537 838
75 5
473 353
138 837
23 51
212 300
136 4
31 400
25 144
592 333
589 188
